10 10 10 10 10 10 10 10 10 10 10 10
10 1.30 1.95 1.54 0.03 0.27 0.77 1.40 0.82 0.56 0.55 10
10 0.54 0.96 0.62 1.53 0.28 1.22 0.85 1.50 1.35 0.13 10
10 0.44 1.44 0.17 1.42 0.48 0.47 1.25 0.89 0.35 0.87 10
10 1.36 0.30 1.52 1.06 1.95 0.38 1.70 1.22 1.37 0.33 10
10 1.57 1.53 1.51 0.16 0.98 1.72 0.39 1.19 0.79 1.76 10
10 1.31 0.92 1.43 0.58 1.98 1.73 0.11 0.49 0.42 1.57 10
10 1.94 0.30 0.99 0.11 0.80 0.77 1.18 0.50 1.20 1.33 10
10 0.81 0.21 1.15 1.76 2.00 1.13 1.02 1.85 1.75 0.32 10
10 0.56 0.60 1.41 1.71 1.05 1.93 0.80 0.03 0.74 0.72 10
10 1.43 1.33 0.57 1.86 0.51 1.38 0.24 0.29 0.11 0.24 10
10 10 10 10 10 10 10 10 10 10 10 10